2998
3643
4255
2165
545
4547
3273
3033
862
3998
2318
3207
3865
1925
214
2130
1079
3820
3264
4800
254
3154
2796
180
3688
1107
1960
806
1496
4124
1969
4426
4888
4247
2419
1423
1933
1982
1655
39
2350
1850
2742
818
741
1757
327
3350
4197
157
4618
1565
861
3398
1086
377
1546
836
556
2931
4835
1958
323
4578
408
759
2335
958
2728
4140
3812
1816
810
363
3331
4256
4174
3176
1326
2513
226
1663
337
1074
1084
2883
4041
1939
4022
1412
1681
4988
4656
3239
4804
1362
1675
2637
3027
4121
4780
2701
3124
2243
3767
1489
2502
2333
2346
2535
856
2899
478
1762
3438
346
1775
4160
4973
2625
1430
4864
3232
4246
1744
891
4018
3835
4071
2053
2432
4731
4992
3319
4594
4725
3327
411
462
4240
1525
535
3405
4070
4093
4331
1275
943
2089
1896
1112
4281
1828
4337
1196
4566
4990
1559
522
1408
3444
540
1323
3291
2368
1440
4884
4156
923
4729
1298
3462
690
3774
704
1859
3934
2895
531
170
4984
2323
1260
1249
1246
3805
4385
4481
3854
54
4034
3869
1494
702
1878
259
116
2771
998
2435
1895
978
4101
2037
271
2842
2047
1158
1301
2250
742
1761
3283
797
176
1598
2224
2046
2138
1913
4307
749
3112
2857
785
918
732
251
4046
4274
2505
717
1886
2559
1774
1100
2256
3534
788
2441
910
1963
2240
4570
2470
3646
4970
1110
782
2859
4314
3884
2901
3117
1888
1707
2279
4493
168
416
3789
2011
4365
429
3310
4987
178
4011
731
2568
4072
4676
2953
4811
471
4360
2258
3702
3795
2446
393
4512
2268
466
2035
646
2799
472
4048
1726
2743
3054
1797
4210
3978
3653
1852
2855
2090
2033
4209
266
884
2034
1838
714
1049
2332
3879
3970
159
4195
4068
1921
2560
3190
2272
2396
4550
4969
438
1932
2032
2836
3111
2290
925
1092
4248
4392
2902
1934
4305
1505
26
518
3363
4546
3693
3159
4736
4145
341
2870
4199
671
4359
2893
3028
4959
4497
1416
1042
2322
3619
3757
3657
916
347
1347
4508
3480
4706
3172
4833
3070
4318
1243
1887
2239
458
4621
3025
187
3004
853
4745
1020
4931
4279
3058
648
2271
2403
1965
1422
2387
3018
3731
1439
2875
4329
158
1911
3149
4850
100
4428
1956
3406
4496
4778
4646
4146
2417
3285
3826
2733
4946
3927
3353
1637
1917
1550
2638
603
1938
4829
2699
801
3732
2506
2597
14
4648
3721
427
1190
2896
494
2406
2933
4907
725
212
4738
1451
1746
2088
1227
4063
4561
4450
549
2853
1202
3556
3443
2667
4396
3259
2354
3660
4830
691
1568
1953
97
3256
521
803
164
1005
767
1748
4734
663
1952
3433
4790
4974
4586
2544
882
4703
1282
598
3397
1697
2852
3665
4619
2709
1843
3987
3023
2202
1851
1756
4208
3849
2309
1470
1521
1572
4966
1992
4841
4322
4672
1717
4697
3017
4389
3548
2943
4355
1926
4084
2634
1745
2674
2546
4296
4161
3569
1348
4671
4654
4912
3598
3541
649
4727
1754
3694
3029
3345
1355
3980
4948
1404
580
758
3780
4593
1060
3073
2326
673
3160
2494
497
296
1673
2371
2188
616
2997
4469
1467
2010
1334
3587
1860
1456
3533
1172
1268
825
897
621
2508
1966
4141
4273
3223
4783
3168
2056
4534
640
2204
1810
4110
2314
1957
786
356
3583
3734
1730
4233
3517
971
2471
1382
3257
3472
2458
4700
3324
4310
402
343
1910
4592
1824
4761
986
2017
805
138
873
1557
67
4807
4822
1741
1854
3030
2555
2613
374
2655
4270
911
2679
1365
2219
832
38
3596
4485
96
1199
854
2198
3412
3303
1705
798
114
3768
3771
3338
692
4448
3510
3361
2632
3403
3456
736
1177
3875
320
2235
289
3933
4934
92
1511
865
4617
3800
2060
1383
1594
1978
265
1133
2830
2705
3460
956
889
3701
2467
3957
693
3122
264
1077
2550
904
85
3669
4902
4224
3400
1104
2404
1044
3909
147
3526
106
631
3994
2514
1796
2930
4972
2812
3705
1613
1253
242
988
4408
2563
722
3063
3808
4887
3636
687
3043
3203
3951
1679
3230
2455
2500
2954
450
4796
4129
2833
1314
2748
1990
4643
3021
4459
1305
2006
431
2566
3432
819
2153
2389
3699
144
2662
2051
3441
15
1186
2602
4225
1026
3012
3889
140
3125
2608
7
852
3740
2903
482
2313
1972
2385
3778
2027
4089
2311
4479
166
2656
4423
3536
12
3872
1048
4571
3077
2170
1269
587
3280
3252
3839
4300
2418
811
3419
3885
3076
292
4064
405
4525
484
1729
3852
4762
279
58
3497
582
4460
4190
1179
4480
195
3720
4492
2392
4693
2781
3185
245
3830
369
3695
2507
642
698
4323
2795
4148
2054
294
3859
4686
2881
3222
3087
2804
2317
3853
2525
3247
3091
4243
1552
1657
4917
3200
4182
1844
1627
395
2121
3570
951
2102
3842
4344
2831
2345
4404
218
1414
4819
3609
4898
1137
1758
16
2624
4897
3550
950
3493
912
2473
1826
2065
4728
1047
4840
1692
3670
630
1091
2123
3858
2135
1873
739
3608
2573
63
1684
3679
1322
4299
4462
824
4388
4487
2818
2498
840
3584
1538
2303
4975
3746
3194
3902
449
794
3727
3981
1736
4748
919
3790
3615
1732
77
2687
4874
1163
3292
2373
1645
1772
4456
665
4650
638
2689
555
1483
4346
1151
1991
2856
2517
1825
2660
2630
3407
276
1790
2512
306
4831
4039
528
1126
1733
490
3898
3974
2714
3442
4737
1386
1942
3914
1390
3714
4342
1025
4189
4204
955
1968
4993
4356
2751
2307
3424
514
2653
3007
4288
893
4980
4447
4482
452
4890
1207
2979
734
1738
2639
3626
2132
3870
2480
4920
4259
2829
726
3016
3684
1019
4427
1639
1916
2806
2527
414
2693
4364
2295
4817
2731
1198
1724
2952
1256
2427
1600
3613
3743
700
20
974
1647
776
3448
4524
3428
1300
500
2232
4353
2738
888
4027
2878
1338
4908
2519
4626
4317
539
604
1664
4443
3810
3878
4230
4715
3275
4094
196
3495
4158
2717
983
4889
4348
3105
2108
1463
4798
2081
2913
2754
4153
1054
2483
3571
4858
3136
2461
2191
1988
4282
3893
3686
4722
1951
4669
1904
1551
4764
1833
2195
3781
2236
321
4849
1604
1584
2096
1629
2285
4200
2052
4813
1409
1980
2329
2554
3002
1031
4511
3434
4803
2394
4607
789
3673
3415
1882
209
1548
574
3452
399
4031
4172
1373
244
2041
658
3317
309
1608
262
3079
268
2068
1242
2402
624
249
3458
3183
2274
1459
2658
3199
3492
1755
659
3515
4501
1579
1715
82
4730
4645
4994
2286
977
3924
2447
1799
3681
4810
1448
2378
3917
373
4576
4178
4183
317
1000
3191
4568
137
1250
2007
3501
1122
3959
3219
4292
4184
4180
2614
1708
4442
1453
2736
4573
1712
2129
4263
3290
2826
4567
202
348
4583
3543
4544
1088
1801
886
1425
3610
4549
2186
1245
3039
1835
2257
4014
3394
1614
2177
62
270
792
1780
677
1814
1751
3336
3965
383
4845
4136
1837
3516
4936
2710
4520
2741
848
3022
3589
656
344
1845
231
1771
2136
3874
3254
4562
2220
4398
3421
4998
1349
1360
3484
117
3123
1264
1173
4701
3591
2757
607
4625
3523
2698
256
1432
1164
2304
4266
516
837
324
4853
3268
2801
4740
2119
4435
1680
48
4600
4416
1677
420
738
3034
2570
4712
3322
11
1805
4527
4261
4251
1610
937
1997
816
1709
2442
2487
2348
1898
3048
1333
1237
4675
4543
3095
34
2848
425
4380
1142
255
3530
4351
4437
4484
3451
1807
4765
2889
2424
101
3197
3801
2905
4536
94
376
2431
529
1696
4188
2936
3266
483
3773
1902
2926
308
3141
172
2493
2443
564
2031
3813
4726
4622
913
4674
851
3084
4119
1118
3557
1635
1776
3162
1770
1561
3941
3787
3725
965
1096
1003
1398
3765
4806
680
1351
1219
4023
3677
1691
102
1283
2598
991
1962
3863
3804
333
3368
359
4681
1299
1841
3316
358
3037
3416
28
4490
467
1169
3967
2379
2523
1252
285
3114
3483
1001
3344
2569
4244
142
3576
65
3474
4075
2259
3611
675
946
644
80
3960
1045
3139
174
502
3906
2839
3845
352
3212
2145
3625
4746
1478
3674
4375
917
1864
1308
4720
4598
3349
681
1522
4293
4515
1218
1510
3233
4463
4603
1858
4623
2631
3633
845
2189
3289
3729
4105
2180
258
4682
2163
1500
4587
1590
2620
2171
4551
4692
1117
3169
4309
3730
563
2269
2752
3401
3326
1138
2288
3638
1773
3440
585
3920
4466
4425
4967
1254
4343
3321
3618
1486
2176
1641
3658
4400
1747
1149
831
1716
192
1536
2641
769
4943
1540
3607
2945
3088
2367
3090
4422
1328
3005
3228
314
4558
4326
4028
1393
4859
2062
632
4787
3828
934
3697
1295
701
4221
4390
625
2148
4301
2528
2116
3627
1959
2789
1874
3093
4379
636
3744
4630
2390
2118
914
2665
2362
260
3578
3538
3936
3113
350
2300
3391
1030
4016
1543
4363
3133
474
49
4368
3565
4149
1890
440
286
1547
765
3106
1987
3422
4752
4060
3302
827
4114
2416
1750
1438
1721
901
4278
960
3020
3362
239
3313
3616
557
534
1167
1261
4384
76
4953
727
3165
1411
1507
3389
3490
1558
3429
108
929
4030
215
2499
1375
757
2692
3601
37
445
2618
3624
3511
523
4294
3691
1248
3614
375
398
4397
3975
2247
2384
614
3108
4467
3384
2260
4452
1580
3645
3807
3129
3270
533
4412
3500
1021
3639
2994
2811
2241
3827
2117
2825
1353
1115
4276
2228
2172
2947
4483
1174
1376
4914
3072
213
869
295
4453
4061
3666
2182
2817
3006
3979
2676
1140
4495
386
1498
1618
355
3446
548
2845
3299
130
208
1224
781
3864
1739
4949
1293
4067
4657
3454
4834
2496
1130
2684
4196
2199
1995
1011
4772
2666
1344
3121
4415
197
3968
1452
3711
1007
3935
3911
1534
1435
91
1530
2343
2242
1623
3188
4049
4640
1111
2542
4036
4169
1929
4928
4
4606
4870
1367
4138
4517
2759
1296
984
3102
2690
2851
3378
3881
1080
3508
4886
3588
27
3916
4689
1682
3529
2942
997
4269
2292
1650
2886
4743
562
1342
1919
4937
1935
3011
3671
1457
2784
4171
1881
3971
4694
388
3579
17
2844
2407
4763
629
3465
790
1399
2712
3581
3683
1640
2476
2363
2159
4661
2925
4555
703
3151
4052
1057
4370
2436
1336
2820
4137
754
2755
1419
2203
4653
225
95
3573
4826
4411
4133
391
1670
3792
4131
139
1701
4449
3719
2724
4906
3229
3685
2869
4754
976
124
2694
361
1829
3833
2025
1062
4254
1403
3712
1317
3476
1752
1652
379
3469
4526
4559
756
4088
4290
2963
4476
3031
4678
800
1893
203
1764
2489
2356
2564
2078
3301
2958
4128
2788
696
3848
3164
3068
4082
4421
4152
2504
2341
2255
305
2860
4782
3580
53
1779
2536
4602
3664
4325
280
220
571
1124
3635
1555
558
647
4983
3049
1462
2380
4620
1341
3862
835
796
4832
2221
3488
179
73
2650
3471
4066
4609
357
3919
3640
3080
4167
4814
3092
72
2490
3258
2800
3838
3306
3305
1222
777
1871
4470
1737
1588
319
3783
3715
4354
4336
1223
2359
4751
981
716
4433
875
2331
1081
3109
4372
3019
2609
2879
3786
3690
3340
105
2577
3386
3453
2612
1723
3680
44
2185
340
3082
688
2266
993
2531
1136
3656
4757
4096
2028
907
735
4431
2448
967
3942
940
4581
2150
2521
1985
4002
1316
4267
2734
761
4176
3630
3277
4250
269
1993
846
3251
2649
129
3417
3816
1148
3399
1359
866
219
572
1502
3993
4812
509
2482
4635
4554
4839
236
4710
4076
2013
1777
2428
4714
708
4283
2691
1597
3544
4418
282
1368
2562
366
4818
3750
932
1831
3620
2114
4540
1749
3343
1197
2412
511
660
3060
2749
2075
4548
4742
4177
1549
2824
1449
104
4206
4869
1071
2510
1971
345
1793
75
1915
3650
4911
1244
3370
3083
1134
145
1485
2301
1949
1894
52
4100
793
2772
4193
3274
1108
900
4852
3250
1369
2970
1906
4771
1431
2151
2898
456
1524
4627
1372
4921
2472
1378
1731
3449
1768
4723
3687
1051
924
2146
838
1460
1656
3642
2552
4773
3463
193
2794
2545
2675
404
4033
4539
2485
1318
2934
1212
2897
541
1585
814
2843
3410
3036
4632
3775
3081
3359
2524
4836
1433
3992
2911
3733
3585
2152
1279
3240
4012
1233
5
4597
4043
433
3756
4905
4139
3132
4666
2747
3210
2626
3101
931
565
2592
2372
2920
1509
2422
4878
4925
2533
3761
2887
2478
492
4004
45
47
1591
3602
2917
633
3531
4122
1144
4827
1848
3110
4407
169
4471
4509
1238
1401
1210
3372
1922
4104
3836
3334
1528
2556
3995
4929
123
3198
3891
2355
2532
79
1899
2445
1940
942
815
70
3293
795
4941
817
2479
353
206
3423
1285
4637
1527
4585
1364
1113
2347
2244
3272
1781
1209
299
1216
1277
2916
1150
812
4229
510
2134
4882
2070
1840
3977
3000
423
87
2907
4684
4226
3455
4367
2876
1195
4538
3560
1497
4741
33
525
2864
3248
715
877
2558
3069
3487
3793
241
1870
2518
407
542
4641
1407
3918
4989
3747
2043
1050
4298
823
2884
1374
201
3899
1171
2713
2585
4486
3044
2254
2769
2644
498
4280
1897
2589
3866
397
3137
3358
4115
4005
489
4003
4117
156
135
4231
933
2486
2678
3263
1029
1943
1784
360
1885
1630
4828
2863
3861
3486
1930
1468
2646
230
2201
2140
952
4223
4037
2497
4531
2361
2253
1234
3180
3332
2872
1912
4523
3320
751
1950
4685
287
2092
1315
434
1607
606
2410
315
2766
4767
3366
3144
190
223
569
4629
3617
720
864
2727
2142
2647
2776
4045
1085
954
1575
595
1633
1986
2780
4264
3420
42
3459
1763
3496
2147
1586
131
4510
3013
1945
338
4711
3218
1484
1742
1884
2226
1653
291
4214
2126
1531
290
1766
334
2816
233
2961
253
4658
2321
3225
3663
1526
1357
4489
3629
4591
4207
3435
2877
1010
1556
4026
4991
2882
1891
2289
1143
3489
718
64
1553
4932
1205
1602
1665
4008
4335
121
4851
2020
2231
2370
2941
4824
2621
2277
4173
4339
1201
4755
4636
1628
328
4228
1974
1765
4260
2316
876
1178
4387
903
3713
56
194
302
2791
3641
4596
1417
1955
1290
3281
3192
3575
1066
1400
3751
1778
4109
2501
543
2912
4312
3330
559
1415
1406
2814
2298
351
3057
442
2763
380
2002
4541
618
3409
3895
3437
1428
2276
1331
4733
4112
4940
1714
3166
4154
4572
4781
4769
3900
1491
4716
204
1842
3179
2919
2278
2125
1702
183
2739
4062
2229
2835
207
4976
4768
4690
588
3947
4265
1119
4378
4758
2021
887
2921
661
2673
3554
1392
4079
1832
3032
134
3938
4409
2740
2657
3375
772
613
685
1867
2685
2636
1265
3001
2538
90
2074
2280
994
2957
1090
4942
1839
2312
3479
2965
362
4647
745
2066
2681
1381
3
2628
4979
2133
2767
237
4135
394
2342
2205
2157
3921
4999
1698
2923
3597
3637
3976
2937
191
2080
3798
3735
3654
4155
1402
1257
3382
2413
4556
2187
339
802
949
1537
1191
1405
2990
4038
1276
4345
3966
1384
1836
3709
922
2401
1668
3051
3814
4861
2758
454
2894
3928
2606
4297
945
668
2509
3722
1281
4086
3315
3065
2440
526
4080
1154
4537
858
3047
1603
551
2383
2105
964
3481
784
546
1658
2745
1937
2261
4395
4642
499
3195
583
2154
755
1046
652
1356
1900
1914
733
4608
1387
2109
1292
4613
1068
3171
1632
1564
4862
1067
4569
2827
4760
1135
2746
1792
30
878
1970
1606
1023
1363
771
446
4774
639
3041
277
3249
2302
461
2063
1159
3996
3668
2964
2777
1667
2874
3887
1125
1622
896
1563
1194
2421
2459
1312
175
1024
672
927
2704
1791
4857
3300
1482
3737
4284
1927
133
1518
3040
3755
1335
300
4212
3563
211
4977
2969
3064
3594
396
770
662
506
3512
3825
2334
4382
4616
4856
1175
1094
2940
766
1350
2212
1767
2578
2683
2840
2837
3558
1206
990
4843
367
2944
615
2822
1343
4766
4633
3880
2365
3752
3128
3418
3706
669
2838
495
1455
4794
1157
651
3876
3341
1437
372
730
4013
3834
505
3178
4624
3148
2484
4679
1454
4801
4667
3586
2044
473
2802
3457
2369
177
1517
4770
1270
3286
326
1883
2222
4532
1699
3119
1280
975
4211
1830
4419
4157
1620
487
283
3505
4120
2708
4441
4130
4439
2327
1817
2590
3100
128
1176
1289
3309
2966
1162
1981
3871
4306
2197
2680
1818
3261
1215
577
4910
2540
622
2581
2420
4535
902
963
4113
1666
1070
3846
4505
424
60
1258
4321
953
2773
3791
602
2071
3726
122
2775
2909
1017
1127
2861
3347
2275
2358
4854
111
3371
4985
257
4695
4709
229
2732
476
4123
1278
2098
898
1638
4713
4057
3157
1785
3071
2376
2211
3135
3949
1964
4017
3696
8
2097
2173
2551
653
2987
3395
2048
879
3819
1466
753
4249
1443
3187
1672
2955
4236
4457
4995
2107
2340
1903
1114
2465
2974
1170
3209
1231
2106
1802
4217
4788
2648
1204
4366
4186
915
620
3074
3085
3524
3265
1513
844
4179
4935
210
3008
1294
4506
1674
515
1391
676
3582
3255
2462
78
4078
2808
3381
1855
4789
4087
4164
432
2206
3380
1309
4358
2297
4792
601
961
3473
3903
3346
3525
4371
1
1941
1928
3877
2162
2481
3940
3946
1821
1255
4150
3173
2753
2543
188
517
1648
4518
597
3867
2584
3840
1983
1450
1187
1123
1532
2181
4477
728
496
3161
3912
1880
3675
331
568
1286
1582
2167
2463
2194
2061
2084
3952
833
1593
3728
3772
628
1519
3710
3659
3130
4451
3115
1520
947
1028
2238
2629
4065
4237
2867
3847
3982
310
4461
3177
799
3518
4563
4588
2706
1642
4241
2918
4879
3402
1662
1156
4582
4170
3932
2391
2700
4916
354
3140
2583
1989
1053
3943
3762
1102
537
3138
1504
4809
1892
4024
293
4891
804
2571
612
103
2792
35
2430
1247
4205
586
2787
3962
1271
3046
3568
3104
1311
3245
679
1352
2319
4923
3969
2009
1436
3519
959
4528
3096
3948
4090
1012
2100
2344
2774
4842
743
2682
443
1263
4687
136
2981
4015
2218
1918
3958
3482
4085
2408
4029
1866
2183
791
553
3426
2262
2761
3566
4056
3323
594
493
2707
4055
2085
4059
4007
1783
1479
1589
3328
1034
3844
4963
3926
1239
1480
66
2208
3024
4644
297
600
4374
1713
1728
3170
1834
4924
3782
2382
2008
272
3857
2607
3561
3388
246
3821
2697
3439
4719
1232
2019
3369
3352
4166
4262
3288
4127
747
3365
3127
3356
1676
2828
634
3213
2110
899
3707
4163
3468
1106
3436
859
3307
4670
2429
3984
2850
1471
4308
857
3764
3759
1689
2122
4735
1098
1660
4668
822
2985
4000
783
4957
4040
4954
4611
705
2623
1358
4491
3860
3156
153
3312
2756
4242
4962
301
4175
641
4073
2012
1116
2215
724
4098
2906
921
1735
3593
1181
149
1185
3089
4383
635
1908
3427
3078
4759
3294
3856
110
4776
3150
4867
4440
2764
4289
760
2263
1039
1545
590
109
4724
2115
3555
1820
457
436
2760
2357
4500
1722
2992
2575
3888
1803
4922
3214
2488
384
3672
2214
1022
4291
4717
3689
729
841
1800
909
2520
2495
428
768
4349
4691
1395
22
3723
2619
973
3182
1621
3514
2400
4159
3295
238
2643
4475
3364
25
847
1421
2040
513
2668
3260
2225
1014
2005
3564
4369
2790
4639
4877
2249
2695
3678
3097
2809
593
813
3724
4058
4143
3632
1578
4393
2038
1570
4955
4901
3015
4488
3622
4074
455
4894
2832
1078
3648
3964
2310
3785
2293
890
4444
2246
2120
2374
2722
1064
1337
2805
2610
2016
4464
4986
50
930
860
1654
1501
447
2716
1876
232
3411
3704
2049
3546
828
744
2022
2922
3592
3035
4702
808
2973
4595
2169
1076
189
3201
2783
2627
3545
4584
2050
3242
86
1795
1533
3623
2968
2409
863
4042
2456
3477
4847
1180
2178
3754
1947
4964
55
71
1686
21
1009
1288
3221
2306
2988
2193
905
390
1544
503
2437
504
4530
2770
4106
4362
2474
3612
573
1596
544
4825
1811
2793
2264
1743
74
1214
4402
2529
3107
2364
2492
773
3056
764
3527
4429
3520
3907
3925
4125
4019
657
2164
4945
2622
1139
3777
2976
2810
3796
2798
2561
1976
4333
2928
3822
1846
1394
3504
1168
2143
1720
3507
127
567
2929
460
908
3430
532
4303
2664
3700
4215
4332
4837
3204
2672
2045
3513
2593
2069
2847
4474
3308
1241
4580
4705
2175
4663
2460
2865
162
3991
719
699
161
3667
4655
4876
3806
1182
1879
4504
1284
2223
2949
637
2168
4821
1434
3009
2975
1458
1503
2587
1413
968
4257
3963
695
1228
1189
4749
1690
3335
1798
547
538
3986
894
2067
2015
3883
3234
1719
4529
4960
723
1027
868
3118
830
4791
1619
3886
1310
88
2750
2541
1782
4478
2449
150
349
4873
2299
2866
31
3843
1615
418
3181
4708
2336
4126
1236
3535
3131
2086
3831
4185
119
2375
1225
2515
2213
4341
3739
4753
4357
307
4651
1339
4216
3590
1340
627
3606
678
1004
410
2663
3026
421
4855
378
3003
3532
2779
4875
748
3676
2892
962
1320
3718
4001
3360
4134
1272
2265
4103
409
459
1490
4350
2237
3311
4820
1631
4503
872
2287
1043
2950
2057
1506
1058
966
4866
120
3052
1601
2991
2464
3539
2932
4634
1266
2547
1306
4978
4352
2908
2160
3284
626
2399
4893
248
589
995
1083
1787
4147
2956
304
1760
1961
2377
1217
609
1385
3066
1946
1065
928
4436
1259
1626
4513
2823
1095
1643
419
926
3373
1809
2995
3167
3644
2190
3572
4699
4919
2451
486
2251
4564
4892
3913
303
2999
4132
3502
3528
880
4846
3202
4665
132
3945
2273
4933
1155
4417
1975
4795
1700
1819
2366
160
1788
2349
9
2819
1861
182
4552
2001
3385
1508
4612
1037
4899
2914
3253
2642
1694
2267
115
4927
143
1560
3329
3134
1573
3604
284
3045
3547
36
2405
1875
469
2200
2726
666
336
3908
1380
1646
4465
3193
4053
1634
1193
710
4473
381
2972
4194
3894
152
1327
2797
2549
298
829
392
4947
3745
3985
2014
2127
2635
843
4401
3498
126
4638
4696
1099
1984
2915
1109
2294
267
1616
3901
3146
3464
2469
1287
948
2959
1863
4649
2604
3599
4391
2003
2737
2094
870
820
3551
4077
4268
1998
2328
2282
2192
2124
2688
51
654
1718
3698
4142
2588
228
2591
1153
1307
1465
2398
1475
507
4201
1822
1541
18
4590
2539
1200
1727
2735
935
2765
4956
2216
2360
4020
1274
592
4054
3196
221
2579
849
1240
1056
24
2785
2595
479
969
982
1651
2320
4181
1397
4295
1624
3243
3348
3152
43
1302
3120
581
1324
1426
3355
4926
4881
1583
1147
1361
4872
4386
1611
1905
275
4660
4707
1370
186
1420
3794
2900
2723
3103
400
2149
0
480
2330
2948
4589
2209
1786
1514
4373
2444
2654
4021
4732
3224
619
4222
3851
2004
520
2605
59
3244
4683
3797
1477
148
2599
57
4192
1203
2640
1493
3824
1576
4601
554
608
4574
2388
3342
3999
4187
4083
1013
1444
3769
4498
2633
4328
4097
2576
3809
2807
3634
2671
4319
1661
3832
4454
1220
151
4377
1230
1152
1131
979
3050
4915
874
4116
4718
4704
3376
4863
125
3205
2468
19
4340
2651
2846
3061
4577
1688
4904
3014
89
752
163
3652
1321
1472
316
4253
712
530
2580
1481
2762
68
3961
2983
3577
1330
576
3763
2324
2083
1488
2308
2821
4234
1461
243
2466
1097
413
1069
477
3333
1625
1389
3595
3055
4430
3988
1693
650
2450
1006
674
4557
1016
2270
1354
4968
1678
4403
1297
3868
4997
1909
3662
2082
2179
4220
1759
3485
4779
1856
3603
2112
711
40
81
4739
3647
2503
689
2158
4808
3470
1853
2104
3318
645
2924
2768
2813
3010
4006
3208
3506
3937
4424
2890
2227
3931
3147
4434
1184
1087
4302
3206
4232
3537
2141
3467
4903
426
3374
1035
999
227
3837
655
694
3766
1476
3770
3661
448
867
2291
222
4406
451
1129
3241
4930
2661
4102
3753
2669
4499
1055
41
1587
4909
2686
2841
3776
4198
1609
4381
1979
605
1923
1441
3450
441
1229
3896
322
3390
2457
1192
3276
4051
4680
3220
4092
2076
508
4446
3231
4938
1464
3811
2184
4823
2397
1554
667
737
1996
1160
335
2600
3339
617
4784
4494
4965
263
2155
4614
2161
4848
4111
2113
3075
1211
1659
167
389
1687
1313
2415
1644
2534
3915
1120
4455
2166
4009
1093
1973
3855
1823
4605
2217
1329
412
4982
3953
2978
4816
1089
1695
697
311
2858
4652
709
2594
885
3628
2582
4514
4025
146
2834
4219
93
2381
240
3553
4542
3189
3989
3297
2904
4151
570
920
3445
2511
1018
2744
3425
2137
4107
2885
4797
4376
3897
3802
1649
318
3304
4604
4502
2946
3337
707
3559
2128
2079
2284
165
1332
3184
1418
2586
1213
1977
1542
2778
485
2351
2659
3367
1082
3314
435
4802
1304
1377
4579
1936
3651
3143
1872
1036
3983
527
3271
1806
4238
2475
1499
2702
3174
4750
2721
1059
972
989
3393
3562
2196
1291
2095
871
401
3655
4599
1033
2477
1427
643
2891
2652
4871
4410
2072
746
3145
2986
4258
200
2411
936
4918
826
2433
706
3922
4868
4438
686
4304
2616
4996
252
2574
524
464
3186
4315
385
1388
2338
2888
2572
1967
2453
664
329
1789
1495
3116
2980
4327
3829
2491
3325
2353
3053
3892
370
599
3163
4313
453
4747
2245
475
2962
1808
3779
1907
996
1889
3447
4361
778
2281
4252
2144
1396
3267
4519
3354
1592
3269
3351
3414
839
4615
198
3059
364
2042
154
3972
6
4445
4786
575
1303
4844
670
1103
2156
2984
3990
4168
4275
2960
1041
1515
1166
1146
1273
278
2064
4688
2111
3217
536
3211
4677
417
4272
1636
560
4545
1605
2234
4507
2
941
1447
3540
325
274
1251
4347
1704
3841
4950
99
4880
2967
1994
1813
1121
2101
1516
683
3552
2414
422
3387
141
2935
1474
2720
1539
4659
1446
4286
2039
596
2434
992
3413
3094
2729
2091
4775
1105
439
2993
332
1734
2526
721
330
313
2207
4971
2803
1683
1221
470
4413
2055
2718
855
4565
3282
4896
2617
365
2553
1235
610
3296
1753
3478
118
2696
444
98
2719
4324
4191
3549
224
579
3600
4860
3155
481
3803
10
463
1612
3298
2131
2248
406
84
834
2026
1141
3910
850
2703
113
83
368
205
2880
415
3703
3850
4287
2296
2425
1804
591
2393
775
46
3799
2283
939
2971
1262
1617
2024
3392
4338
1571
2036
1954
4961
3042
3404
2452
4575
3238
3153
4533
2615
2073
3954
3377
4311
4069
1267
1183
4081
3929
437
2352
2596
3574
1865
2725
4913
4662
3682
3357
3542
4035
1073
4560
3379
512
1535
2233
3823
763
2548
3760
762
1847
4673
4405
1188
1208
2395
3246
3973
235
584
4472
895
519
2868
1671
3956
4865
2537
682
1711
2252
2670
2454
2989
566
3237
2951
1740
2337
488
740
4108
985
2059
3930
1366
2601
3649
2871
3692
1924
3142
4218
371
3099
623
3227
4944
1128
4805
1869
2058
821
2677
4320
1901
4468
2325
1038
1948
2438
938
957
112
4399
3466
3817
32
2557
2567
2927
312
787
2423
2854
3521
173
2939
4165
3944
1072
4245
2611
2030
4744
2087
342
3062
4610
1345
382
4271
2977
2996
774
2174
3503
3717
578
780
1075
4885
4939
2530
250
1040
1165
4777
3509
3736
2782
3708
4239
1703
465
2786
881
1812
181
4952
684
4285
3997
3278
2023
892
2210
1595
1410
403
2982
1052
3748
2910
3738
4793
1429
4522
906
3939
1523
2315
3631
4420
2522
3408
1566
4202
1685
1827
3396
1931
1469
61
1794
4799
3784
3873
2386
4032
1487
4815
2077
3567
468
1424
980
2029
2711
3605
1063
4047
2565
3522
1442
561
4981
501
3475
1226
4010
1574
3749
4900
4394
247
491
217
2000
3882
4095
1769
3086
4516
1868
4756
4721
3067
3158
2139
1815
1849
1862
550
3905
430
4050
3494
4895
273
1161
2339
155
4883
807
281
3742
184
4838
2730
4951
3741
3788
1920
2715
4235
3890
1008
4091
185
4044
4334
970
1999
261
288
171
3461
4521
3216
2018
1002
1599
1371
2103
3175
4664
552
3818
3226
1577
4099
3950
3716
4203
2938
1132
3431
809
1512
4628
2815
4432
3904
2426
4213
3126
1492
3236
234
1145
13
199
387
1569
1877
883
842
23
3262
3923
4144
1101
2305
1562
2230
1529
1325
3098
4118
1581
750
4698
4458
713
1473
1567
944
3383
4227
4785
3279
1015
3955
1706
987
1032
3491
69
3038
4277
1710
4316
2873
2516
29
4330
2645
3235
1379
611
2093
1669
216
3621
1346
2439
4414
3499
779
2603
2862
1061
1944
4553
3758
1319
2099
4631
1445
1857
3215
3815
1725
2849
4162
3287
4958
107
